5.128205128205128
7.350427350427351
9.05982905982906
3.418803418803419
3.7606837606837606
4.615384615384616
6.3247863247863245
7.179487179487179
0.6837606837606838
1.0256410256410255
1.1965811965811968
5.299145299145299
8.547008547008547
3.2478632478632483
2.564102564102564
5.641025641025641
0.0
4.786324786324787
8.547008547008547
3.9316239316239314
1.0256410256410255
1.8803418803418803
4.444444444444445
0.0
0.3418803418803419
0.0
7.250755287009064
3.927492447129909
9.365558912386707
2.719033232628399
3.927492447129909
3.927492447129909
3.625377643504532
5.13595166163142
0.6042296072507553
0.3021148036253776
10.27190332326284
3.3232628398791544
4.531722054380665
8.761329305135952
0.906344410876133
6.646525679758309
0.3021148036253776
1.812688821752266
10.27190332326284
6.646525679758309
1.5105740181268883
0.6042296072507553
3.3232628398791544
0.0
0.3021148036253776
0.0
5.080831408775981
4.387990762124711
11.547344110854503
3.9260969976905313
2.771362586605081
3.4642032332563506
4.387990762124711
2.771362586605081
0.4618937644341801
0.9237875288683602
3.4642032332563506
3.233256351039261
5.773672055427252
2.0785219399538106
1.3856812933025404
7.390300230946882
0.6928406466512702
3.4642032332563506
14.549653579676674
6.697459584295612
0.4618937644341801
2.3094688221709005
7.390300230946882
0.0
1.3856812933025404
0.0
4.2592592592592595
8.518518518518519
8.333333333333332
4.444444444444445
3.3333333333333335
3.7037037037037033
5.7407407407407405
8.148148148148149
0.1851851851851852
2.037037037037037
1.4814814814814816
5.555555555555555
9.814814814814815
2.2222222222222223
2.7777777777777777
6.296296296296296
0.1851851851851852
3.888888888888889
7.592592592592593
2.9629629629629632
0.1851851851851852
1.1111111111111112
6.666666666666667
0.0
0.3703703703703704
0.1851851851851852
4.76510067114094
6.97986577181208
10.201342281879194
3.825503355704698
3.9597315436241614
4.093959731543624
3.48993288590604
3.557046979865772
1.4093959731543624
0.87248322147651
1.5436241610738255
8.724832214765101
8.053691275167784
2.348993288590604
2.2818791946308723
5.906040268456376
0.1342281879194631
4.899328859060403
11.073825503355705
4.093959731543624
0.33557046979865773
1.9463087248322148
4.697986577181208
0.0
0.738255033557047
0.06711409395973154
5.543237250554324
6.873614190687362
10.42128603104213
3.7694013303769403
4.434589800443459
5.099778270509978
5.986696230598669
3.9911308203991127
1.5521064301552108
1.5521064301552108
2.2172949002217295
7.095343680709535
5.986696230598669
2.4390243902439024
2.4390243902439024
5.986696230598669
0.0
3.9911308203991127
10.199556541019955
3.1042128603104215
0.22172949002217296
1.5521064301552108
5.099778270509978
0.0
0.4434589800443459
0.0
2.366863905325444
9.467455621301776
7.6923076923076925
2.9585798816568047
7.100591715976331
1.7751479289940828
4.142011834319527
4.142011834319527
0.0
0.0
1.7751479289940828
2.9585798816568047
7.6923076923076925
9.467455621301776
2.366863905325444
4.733727810650888
0.0
2.366863905325444
11.242603550295858
2.9585798816568047
0.591715976331361
1.183431952662722
13.017751479289942
0.0
0.0
0.0
3.896103896103896
10.38961038961039
5.194805194805195
7.792207792207792
3.896103896103896
6.493506493506493
5.194805194805195
7.792207792207792
0.0
0.0
2.5974025974025974
6.493506493506493
7.792207792207792
5.194805194805195
2.5974025974025974
2.5974025974025974
0.0
5.194805194805195
7.792207792207792
1.2987012987012987
0.0
1.2987012987012987
6.493506493506493
0.0
0.0
0.0
3.1556039173014145
7.399347116430903
7.616974972796518
2.9379760609358
2.50272034820457
4.6789989118607185
4.461371055495103
5.223068552774755
2.176278563656148
1.7410228509249184
1.632208922742111
7.616974972796518
7.072905331882481
3.4820457018498367
3.373231773667029
8.705114254624592
0.2176278563656148
2.6115342763873777
8.922742110990207
3.5908596300326447
0.6528835690968444
1.632208922742111
7.50816104461371
0.0
0.4352557127312296
0.6528835690968444
5.815831987075929
7.431340872374798
10.016155088852988
5.977382875605816
3.715670436187399
3.231017770597738
4.20032310177706
4.846526655896607
1.2924071082390953
1.938610662358643
1.1308562197092082
5.492730210016155
8.077544426494345
2.7463651050080773
1.938610662358643
4.68497576736672
0.16155088852988692
5.654281098546042
8.88529886914378
4.68497576736672
0.8077544426494345
1.2924071082390953
5.3311793214862675
0.0
0.48465266558966075
0.16155088852988692
2.6490066225165565
0.0
0.6622516556291391
0.6622516556291391
3.9735099337748347
1.3245033112582782
0.0
15.894039735099339
0.6622516556291391
0.0
21.85430463576159
5.298013245033113
9.933774834437086
2.6490066225165565
3.3112582781456954
10.596026490066226
0.0
0.6622516556291391
0.6622516556291391
0.0
1.3245033112582782
0.6622516556291391
17.218543046357617
0.0
0.0
0.0
4.932735426008969
6.726457399103139
7.174887892376682
5.381165919282512
2.690582959641256
3.587443946188341
4.932735426008969
7.174887892376682
2.690582959641256
0.8968609865470852
3.587443946188341
3.1390134529147984
10.31390134529148
2.690582959641256
2.690582959641256
8.071748878923767
0.0
6.278026905829597
8.968609865470851
2.690582959641256
0.4484304932735426
0.4484304932735426
4.484304932735426
0.0
0.0
0.0
4.45906432748538
7.894736842105263
8.991228070175438
3.654970760233918
3.9473684210526314
3.435672514619883
4.89766081871345
5.409356725146199
1.3157894736842104
1.1695906432748537
2.1929824561403506
6.067251461988303
8.698830409356725
3.654970760233918
3.3625730994152043
5.263157894736842
0.07309941520467836
4.970760233918129
8.552631578947368
2.997076023391813
0.43859649122807015
1.7543859649122806
6.359649122807018
0.07309941520467836
0.21929824561403508
0.14619883040935672
4.341317365269461
6.88622754491018
8.682634730538922
3.74251497005988
2.9940119760479043
4.341317365269461
4.191616766467066
5.389221556886228
0.5988023952095809
1.0479041916167664
2.5449101796407185
6.58682634730539
9.880239520958083
5.538922155688622
2.694610778443114
4.191616766467066
0.0
4.04191616766467
10.32934131736527
2.095808383233533
0.8982035928143712
1.4970059880239521
6.88622754491018
0.0
0.29940119760479045
0.29940119760479045
5.483549351944168
6.979062811565304
9.172482552342972
5.284147557328016
3.290129611166501
2.8913260219341974
4.885343968095713
4.885343968095713
0.9970089730807578
0.9970089730807578
2.293120638085743
6.879361914257228
9.471585244267198
2.991026919242273
2.991026919242273
4.685942173479561
0.19940179461615154
5.383848454636091
8.47457627118644
2.4925224327018944
0.897308075772682
1.296111665004985
6.580259222333002
0.0
0.29910269192422734
0.19940179461615154
5.397301349325337
7.34632683658171
7.796101949025487
3.1484257871064467
4.6476761619190405
2.6986506746626686
5.547226386806597
6.896551724137931
0.8995502248875562
0.8995502248875562
2.6986506746626686
7.946026986506746
8.695652173913043
2.848575712143928
3.8980509745127434
5.397301349325337
0.29985007496251875
4.197901049475263
7.496251874062969
1.9490254872563717
0.5997001499250375
1.199400299850075
6.896551724137931
0.0
0.29985007496251875
0.29985007496251875
3.148148148148148
10.37037037037037
10.37037037037037
2.7777777777777777
3.5185185185185186
5.7407407407407405
4.2592592592592595
6.666666666666667
1.2962962962962963
1.2962962962962963
0.9259259259259258
5.7407407407407405
9.444444444444445
2.2222222222222223
2.037037037037037
5.9259259259259265
0.0
4.074074074074074
9.444444444444445
1.2962962962962963
0.7407407407407408
1.2962962962962963
7.4074074074074066
0.0
0.0
0.0
3.5864978902953584
9.49367088607595
8.860759493670885
4.008438818565401
3.79746835443038
3.5864978902953584
5.69620253164557
4.008438818565401
1.0548523206751055
2.5316455696202533
2.109704641350211
6.751054852320674
8.860759493670885
3.1645569620253164
2.320675105485232
6.751054852320674
0.21097046413502107
4.430379746835443
9.071729957805907
2.109704641350211
0.42194092827004215
2.320675105485232
4.219409282700422
0.0
0.21097046413502107
0.42194092827004215
4.580152671755725
8.778625954198473
9.16030534351145
3.6259541984732824
3.816793893129771
3.0534351145038165
3.435114503816794
4.770992366412214
0.7633587786259541
1.1450381679389312
1.5267175572519083
5.343511450381679
8.015267175572518
6.106870229007633
2.8625954198473282
5.7251908396946565
0.0
2.8625954198473282
10.877862595419847
2.099236641221374
0.7633587786259541
1.3358778625954197
8.969465648854962
0.0
0.38167938931297707
0.0
3.488372093023256
10.271317829457365
11.434108527131782
3.6821705426356592
4.263565891472868
6.2015503875969
5.426356589147287
3.875968992248062
0.5813953488372093
1.3565891472868217
2.3255813953488373
5.426356589147287
7.55813953488372
3.488372093023256
2.131782945736434
6.007751937984496
0.9689922480620154
4.069767441860465
7.55813953488372
3.10077519379845
0.7751937984496124
0.3875968992248062
5.232558139534884
0.0
0.1937984496124031
0.1937984496124031
5.698005698005698
8.262108262108262
5.982905982905983
3.7037037037037033
3.133903133903134
2.564102564102564
3.7037037037037033
7.6923076923076925
0.2849002849002849
0.0
0.2849002849002849
5.413105413105413
8.831908831908832
7.122507122507122
1.7094017094017095
4.5584045584045585
0.2849002849002849
3.9886039886039883
9.971509971509972
2.849002849002849
0.5698005698005698
0.0
13.105413105413104
0.0
0.2849002849002849
0.0
4.868421052631579
9.671052631578947
9.276315789473683
3.1578947368421053
4.078947368421053
4.342105263157895
5.921052631578947
5.9868421052631575
1.776315789473684
0.855263157894737
1.4473684210526316
5.526315789473684
8.81578947368421
2.9605263157894735
3.0921052631578947
4.5394736842105265
0.13157894736842105
4.605263157894736
8.552631578947368
2.1710526315789473
0.3289473684210526
1.1842105263157896
6.052631578947368
0.0
0.39473684210526316
0.2631578947368421
3.7694013303769403
9.090909090909092
7.6496674057649665
3.8802660753880267
4.434589800443459
3.9911308203991127
4.545454545454546
6.319290465631928
1.2195121951219512
0.7760532150776054
2.328159645232816
6.762749445676275
8.647450110864744
3.8802660753880267
2.6607538802660753
3.5476718403547673
0.11086474501108648
5.321507760532151
8.980044345898005
2.6607538802660753
0.5543237250554324
1.3303769401330376
7.095343680709535
0.0
0.0
0.4434589800443459
3.314917127071823
9.392265193370166
9.116022099447514
3.867403314917127
2.4861878453038675
3.591160220994475
4.696132596685083
4.972375690607735
1.3812154696132597
0.8287292817679558
1.3812154696132597
5.801104972375691
9.668508287292818
3.867403314917127
1.6574585635359116
6.629834254143646
0.2762430939226519
4.143646408839778
10.497237569060774
4.41988950276243
0.8287292817679558
1.3812154696132597
5.524861878453039
0.0
0.2762430939226519
0.0
4.594330400782014
8.60215053763441
9.67741935483871
3.4213098729227758
3.3235581622678394
4.105571847507331
5.180840664711632
5.865102639296188
1.1730205278592376
1.3685239491691104
2.0527859237536656
6.8426197458455515
7.624633431085044
3.225806451612903
3.0303030303030303
5.669599217986314
0.2932551319648094
4.398826979472141
8.406647116324535
2.248289345063539
0.9775171065493646
1.466275659824047
6.35386119257087
0.0
0.0
0.09775171065493646
3.32409972299169
10.526315789473683
8.86426592797784
3.0470914127423825
3.32409972299169
5.540166204986149
3.6011080332409975
8.033240997229916
0.554016620498615
1.9390581717451523
2.4930747922437675
5.8171745152354575
4.7091412742382275
1.3850415512465373
1.662049861495845
4.986149584487535
0.0
5.8171745152354575
11.634349030470915
3.6011080332409975
0.2770083102493075
1.10803324099723
7.202216066481995
0.0
0.2770083102493075
0.2770083102493075
5.400696864111499
9.930313588850174
8.536585365853659
4.529616724738676
3.484320557491289
2.961672473867596
4.006968641114982
7.317073170731707
1.2195121951219512
1.0452961672473868
1.2195121951219512
5.574912891986063
6.620209059233449
3.3101045296167246
4.181184668989547
5.2264808362369335
0.0
4.006968641114982
9.233449477351916
2.7874564459930316
1.0452961672473868
1.5679442508710801
6.2717770034843205
0.0
0.5226480836236934
0.0
1.550387596899225
6.2015503875969
6.2015503875969
3.875968992248062
4.651162790697675
3.875968992248062
8.527131782945736
3.10077519379845
3.10077519379845
1.550387596899225
1.550387596899225
6.2015503875969
7.751937984496124
3.10077519379845
3.10077519379845
4.651162790697675
0.0
3.875968992248062
13.953488372093023
2.3255813953488373
0.7751937984496124
2.3255813953488373
6.2015503875969
0.0
0.7751937984496124
0.7751937984496124
5.084745762711865
7.627118644067797
8.050847457627118
5.508474576271186
4.23728813559322
2.9661016949152543
5.084745762711865
7.627118644067797
0.0
1.2711864406779663
1.2711864406779663
6.779661016949152
6.779661016949152
8.050847457627118
1.2711864406779663
4.23728813559322
0.0
3.8135593220338984
9.745762711864407
2.5423728813559325
0.423728813559322
0.0
7.627118644067797
0.0
0.0
0.0
3.3628318584070795
8.31858407079646
5.84070796460177
2.3008849557522124
5.132743362831858
4.601769911504425
2.831858407079646
7.964601769911504
0.7079646017699115
0.7079646017699115
1.238938053097345
6.371681415929204
10.08849557522124
4.070796460176991
2.3008849557522124
6.371681415929204
0.17699115044247787
5.3097345132743365
8.31858407079646
1.9469026548672566
1.592920353982301
1.0619469026548671
9.380530973451327
0.0
0.0
0.0
5.800464037122969
3.944315545243619
12.993039443155451
2.088167053364269
4.872389791183294
1.8561484918793503
2.5522041763341066
3.7122969837587005
0.46403712296983757
1.3921113689095126
0.46403712296983757
10.672853828306264
6.496519721577726
3.944315545243619
1.160092807424594
6.728538283062645
0.46403712296983757
5.336426914153132
12.064965197215777
6.2645011600928076
0.6960556844547563
2.088167053364269
2.784222737819025
0.0
0.6960556844547563
0.46403712296983757
5.045871559633028
6.487549148099607
10.943643512450851
3.079947575360419
3.473132372214941
3.669724770642202
4.587155963302752
5.897771952817824
0.9829619921363041
0.9829619921363041
1.1795543905635648
5.439056356487549
7.470511140235911
5.176933158584535
3.4076015727391877
6.553079947575361
0.1310615989515072
3.99737876802097
9.239842726081259
2.4246395806028835
0.7863695937090431
1.507208387942333
7.077326343381389
0.0
0.45871559633027525
0.0
3.7991858887381276
8.955223880597014
8.548168249660787
2.9850746268656714
4.2062415196743554
4.613297150610583
4.341926729986431
5.970149253731343
0.8141112618724559
1.2211668928086838
2.3066485753052914
5.291723202170964
9.090909090909092
2.4423337856173677
1.7639077340569878
4.74898236092266
0.0
6.1058344640434195
10.854816824966079
2.4423337856173677
0.13568521031207598
1.2211668928086838
7.598371777476255
0.0
0.40705563093622793
0.13568521031207598
5.012531328320802
8.020050125313283
7.017543859649122
5.012531328320802
4.010025062656641
5.263157894736842
6.265664160401002
6.7669172932330826
0.2506265664160401
0.7518796992481203
2.506265664160401
6.265664160401002
9.273182957393484
3.7593984962406015
1.5037593984962405
4.761904761904762
0.0
5.263157894736842
7.518796992481203
2.506265664160401
0.5012531328320802
1.2531328320802004
5.513784461152882
0.0
0.5012531328320802
0.5012531328320802
3.706754530477759
8.978583196046129
8.813838550247118
3.2948929159802307
2.3887973640856672
3.459637561779242
4.530477759472817
5.189456342668864
0.41186161449752884
1.1532125205930808
1.8121911037891267
5.766062602965404
10.049423393739703
6.8369028006589785
2.3887973640856672
5.107084019769357
0.16474464579901155
4.530477759472817
8.5667215815486
2.471169686985173
0.9884678747940692
1.400329489291598
7.166392092257001
0.08237232289950577
0.41186161449752884
0.3294892915980231
4.45945945945946
8.64864864864865
10.405405405405405
4.324324324324325
2.7027027027027026
4.054054054054054
4.45945945945946
4.72972972972973
1.0810810810810811
1.0810810810810811
3.1081081081081083
5.540540540540541
7.027027027027027
2.837837837837838
2.9729729729729732
5.135135135135135
0.2702702702702703
4.054054054054054
9.18918918918919
5.0
0.13513513513513514
1.3513513513513513
6.621621621621622
0.0
0.40540540540540543
0.40540540540540543
4.521276595744681
7.180851063829788
8.77659574468085
4.25531914893617
2.127659574468085
2.393617021276596
5.851063829787234
4.787234042553192
1.8617021276595744
2.6595744680851063
1.5957446808510638
5.053191489361701
8.77659574468085
3.4574468085106385
2.6595744680851063
5.319148936170213
0.0
5.053191489361701
9.042553191489363
4.787234042553192
1.3297872340425532
0.7978723404255319
6.914893617021277
0.0
0.7978723404255319
0.0
3.1140521603736864
7.2012456208641495
8.407940833008954
3.3476060724017125
5.1381860646165824
4.009342156481121
3.1140521603736864
4.904632152588556
0.42818217205138187
2.2576878162709226
1.1677695601401323
6.305955624756715
7.940833008952899
4.865706500583885
1.5959517321915144
6.150253016738031
0.1557026080186843
3.5811599844297395
10.354223433242508
3.036200856364344
2.6080186843129622
0.7395873880887505
8.952899961074348
0.0
0.544959128065395
0.07785130400934215
0.0
7.6923076923076925
12.82051282051282
0.0
7.6923076923076925
2.564102564102564
2.564102564102564
2.564102564102564
0.0
5.128205128205128
0.0
5.128205128205128
2.564102564102564
15.384615384615385
0.0
7.6923076923076925
0.0
2.564102564102564
7.6923076923076925
2.564102564102564
0.0
0.0
15.384615384615385
0.0
0.0
0.0
3.27455919395466
7.304785894206549
9.571788413098236
2.2670025188916876
4.030226700251889
3.27455919395466
5.541561712846348
4.030226700251889
2.0151133501259446
2.770780856423174
1.0075566750629723
8.060453400503778
6.045340050377834
3.7783375314861463
1.5113350125944585
6.54911838790932
0.2518891687657431
4.534005037783375
12.090680100755668
2.2670025188916876
0.7556675062972292
1.0075566750629723
7.5566750629722925
0.0
0.5037783375314862
0.0
5.974025974025974
9.35064935064935
8.311688311688311
3.3766233766233764
2.857142857142857
4.675324675324675
3.896103896103896
5.974025974025974
1.2987012987012987
0.7792207792207793
1.8181818181818181
5.974025974025974
7.012987012987012
3.3766233766233764
2.857142857142857
4.935064935064935
0.2597402597402597
4.675324675324675
7.012987012987012
3.116883116883117
0.2597402597402597
3.116883116883117
8.571428571428571
0.0
0.5194805194805194
0.0
4.0
7.529411764705881
10.352941176470589
3.7647058823529407
3.7647058823529407
3.7647058823529407
5.88235294117647
5.176470588235294
0.2352941176470588
1.8823529411764703
1.411764705882353
6.352941176470588
9.176470588235293
3.058823529411765
2.823529411764706
5.411764705882352
0.0
4.470588235294118
9.176470588235293
4.0
0.7058823529411765
0.7058823529411765
6.11764705882353
0.0
0.2352941176470588
0.0
4.100761570005859
7.9086115992970125
8.553016988869361
3.1048623315758643
3.8078500292911546
3.397773872290568
4.042179261862917
5.213825424721734
1.2888107791446983
1.2888107791446983
2.0503807850029294
9.607498535442296
6.854130052724078
2.753368482718219
2.2261277094317515
6.209724663151729
0.5272407732864675
5.623901581722319
10.017574692442881
3.9835969537199762
0.5272407732864675
1.3473930872876392
5.038078500292912
0.0
0.23432923257176333
0.29291154071470415
3.7151702786377707
5.263157894736842
8.04953560371517
2.786377708978328
5.572755417956656
4.3343653250774
3.4055727554179565
7.430340557275541
0.9287925696594427
0.9287925696594427
2.786377708978328
4.953560371517028
8.978328173374612
3.4055727554179565
2.786377708978328
5.88235294117647
0.0
4.3343653250774
11.145510835913312
4.024767801857585
0.30959752321981426
1.5479876160990713
7.430340557275541
0.0
0.0
0.0
2.867383512544803
11.11111111111111
6.810035842293908
3.225806451612903
2.867383512544803
2.867383512544803
3.942652329749104
4.301075268817205
1.0752688172043012
2.5089605734767026
0.7168458781362007
3.942652329749104
7.168458781362006
5.017921146953405
1.4336917562724014
5.376344086021505
0.0
5.017921146953405
10.75268817204301
2.1505376344086025
0.35842293906810035
1.4336917562724014
15.053763440860216
0.0
0.0
0.0
3.7162162162162162
9.628378378378379
10.81081081081081
4.222972972972973
2.364864864864865
5.0675675675675675
4.391891891891892
4.898648648648648
1.5202702702702704
0.5067567567567568
1.8581081081081081
6.25
8.445945945945946
4.054054054054054
1.5202702702702704
5.0675675675675675
0.5067567567567568
3.885135135135135
10.135135135135135
2.871621621621622
0.8445945945945946
1.3513513513513513
5.574324324324325
0.0
0.5067567567567568
0.0
4.220779220779221
7.954545454545454
9.902597402597403
2.75974025974026
4.220779220779221
3.896103896103896
3.571428571428571
2.922077922077922
0.974025974025974
0.16233766233766234
2.75974025974026
7.467532467532467
9.253246753246753
4.058441558441558
3.0844155844155843
5.194805194805195
0.6493506493506493
4.707792207792208
9.415584415584416
3.896103896103896
0.974025974025974
1.2987012987012987
5.844155844155844
0.0
0.6493506493506493
0.16233766233766234
3.4739454094292808
12.158808933002481
9.429280397022332
2.729528535980149
2.481389578163772
4.218362282878412
5.955334987593052
6.699751861042183
0.9925558312655087
1.240694789081886
2.481389578163772
2.729528535980149
8.933002481389577
2.977667493796526
0.9925558312655087
7.444168734491314
0.24813895781637718
5.707196029776675
7.6923076923076925
2.2332506203473943
0.24813895781637718
1.7369727047146404
7.196029776674938
0.0
0.0
0.0
4.633204633204633
8.880308880308881
7.5933075933075935
4.1184041184041185
4.1184041184041185
3.6036036036036037
4.247104247104247
4.761904761904762
1.0296010296010296
1.1583011583011582
2.445302445302445
6.692406692406692
8.108108108108109
3.9897039897039894
2.8314028314028317
6.048906048906049
0.0
4.247104247104247
8.751608751608751
3.088803088803089
0.3861003861003861
0.7722007722007722
8.236808236808237
0.0
0.1287001287001287
0.1287001287001287
5.978260869565218
9.239130434782608
7.608695652173914
3.804347826086957
5.434782608695652
4.891304347826087
4.891304347826087
5.434782608695652
0.0
2.1739130434782608
1.6304347826086956
7.065217391304348
7.065217391304348
1.6304347826086956
2.1739130434782608
4.3478260869565215
0.0
7.065217391304348
7.608695652173914
3.804347826086957
1.0869565217391304
1.6304347826086956
4.3478260869565215
0.0
1.0869565217391304
0.0
