6.166901008905005
8.839224779430507
10.89485844906551
4.111267339270004
4.522394073197003
5.550210908014504
7.605844577649506
8.633661412467008
0.8222534678540007
1.233380201781001
1.4389435687445011
6.372464375868505
10.278168348175008
3.9057039723065032
3.0834505044525025
6.7835911097955055
0.0
5.7557742749780045
10.278168348175008
4.727957440160504
1.233380201781001
2.2611970365985017
5.344647541051004
0.0
0.41112673392700033
0.0
32.4976033017565
17.602868455118102
41.97607093143547
12.186601238158687
17.602868455118102
17.602868455118102
16.24880165087825
23.019135672077518
2.708133608479708
1.354066804239854
46.038271344155035
14.894734846638395
20.31100206359781
39.26793732295577
4.062200412719562
29.78946969327679
1.354066804239854
8.124400825439125
46.038271344155035
29.78946969327679
6.77033402119927
2.708133608479708
14.894734846638395
0.0
1.354066804239854
0.0
3.166978206151567
2.7351175416763533
7.197677741253561
2.447210432026211
1.7274426579008548
2.1593033223760685
2.7351175416763533
1.7274426579008548
0.28790710965014243
0.5758142193002849
2.1593033223760685
2.015349767550997
3.5988388706267807
1.2955819934256412
0.8637213289504274
4.606513754402279
0.4318606644752137
2.1593033223760685
9.069073953979487
4.174653089927066
0.28790710965014243
1.4395355482507124
4.606513754402279
0.0
0.8637213289504274
0.0
7.690581812576509
15.381163625153018
15.046790502867083
8.024954934862444
6.018716201146833
6.687462445718704
10.36556679086399
14.712417380581147
0.3343731222859352
3.678104345145287
2.6749849782874815
10.031193668578055
17.721775481154566
4.012477467431222
5.015596834289028
11.368686157721797
0.3343731222859352
7.021835568004639
13.709298013723343
5.349969956574963
0.3343731222859352
2.006238733715611
12.037432402293666
0.0
0.6687462445718704
0.3343731222859352
1.8135951176997687
2.6565336935320554
3.8826261674699274
1.4559848128012227
1.5070719992153008
1.5581591856293786
1.3282668467660277
1.3538104399730668
0.5364154573478189
0.3320667116915069
0.5875026437618969
3.3206671169150694
3.0652311848446794
0.8940257622463649
0.8684821690393258
2.2478362022194314
0.05108718641407799
1.8646823041138467
4.214692879161434
1.5581591856293786
0.12771796603519497
0.7407642030041308
1.7880515244927297
0.0
0.2809795252774289
0.025543593207038993
4.519863080691669
5.60463022005767
8.497342591700338
3.0735068948703352
3.6158904645533356
4.158274034236336
4.881452127147003
3.254301418098002
1.2655616625936674
1.2655616625936674
1.8079452322766678
5.785424743285337
4.881452127147003
1.9887397555043345
1.9887397555043345
4.881452127147003
0.0
3.254301418098002
8.316548068472672
2.531123325187335
0.1807945232276668
1.2655616625936674
4.158274034236336
0.0
0.3615890464553336
0.0
1.116849234288165
4.46739693715266
3.6297600114365363
1.3960615428602063
3.350547702864495
0.8376369257161238
1.9544861600042889
1.9544861600042889
0.0
0.0
0.8376369257161238
1.3960615428602063
3.6297600114365363
4.46739693715266
1.116849234288165
2.23369846857633
0.0
1.116849234288165
5.305033862868784
1.3960615428602063
0.27921230857204127
0.5584246171440825
6.1426707885849074
0.0
0.0
0.0
3.1595743000226437
8.42553146672705
4.212765733363525
6.3191486000452874
3.1595743000226437
5.265957166704406
4.212765733363525
6.3191486000452874
0.0
0.0
2.1063828666817623
5.265957166704406
6.3191486000452874
4.212765733363525
2.1063828666817623
2.1063828666817623
0.0
4.212765733363525
6.3191486000452874
1.0531914333408812
0.0
1.0531914333408812
5.265957166704406
0.0
0.0
0.0
1.4078941791780315
3.3012691097967637
3.398365260084904
1.3107980288898915
1.1166057283136113
2.0875672311950124
1.9904710809068722
2.3303076069153628
0.970961502881401
0.7767692023051209
0.7282211271610508
3.398365260084904
3.1556248843645536
1.5535384046102418
1.5049903294661717
3.883846011525604
0.09709615028814012
1.1651538034576814
3.9809421618137444
1.6020864797543117
0.29128845086442035
0.7282211271610508
3.3498171849408336
0.0
0.19419230057628023
0.29128845086442035
3.4959996053404887
4.467110606823958
6.0208882091975084
3.5931107054888356
2.233555303411979
1.9422220029669381
2.5248886038570197
2.9133330044504073
0.7768888011867753
1.165333201780163
0.6797777010384284
3.301777405043795
4.855555007417346
1.6508887025218975
1.165333201780163
2.8162219043020604
0.09711110014834691
3.398888505192142
5.34111050815908
2.8162219043020604
0.48555550074173454
0.7768888011867753
3.204666304895448
0.0
0.29133330044504074
0.09711110014834691
2.812882156411719
0.0
0.7032205391029297
0.7032205391029297
4.219323234617578
1.4064410782058594
0.0
16.877292938470312
0.7032205391029297
0.0
23.20627779039668
5.625764312823438
10.548308086543946
2.812882156411719
3.5161026955146486
11.251528625646875
0.0
0.7032205391029297
0.7032205391029297
0.0
1.4064410782058594
0.7032205391029297
18.28373401667617
0.0
0.0
0.0
6.517325123873614
8.887261532554929
9.479745634725257
7.109809226043943
3.5549046130219715
4.739872817362628
6.517325123873614
9.479745634725257
3.5549046130219715
1.184968204340657
4.739872817362628
4.1473887151922995
13.627134349917556
3.5549046130219715
3.5549046130219715
10.664713839065914
0.0
8.294777430384599
11.84968204340657
3.5549046130219715
0.5924841021703285
0.5924841021703285
5.924841021703285
0.0
0.0
0.0
4.757634775408831
8.42335337285498
9.593263563529282
3.899700635581009
4.21167668642749
3.665718597446148
5.225598851678551
5.7715569406598926
1.403892228809163
1.247904203385923
2.339820381348605
6.473503055064475
9.2812875126828
3.899700635581009
3.587724584734528
5.615568915236652
0.07799401271162018
5.303592864390172
9.12529948725956
3.197754521176427
0.46796407626972103
1.8718563050788841
6.785479105910955
0.07799401271162018
0.23398203813486051
0.15598802542324036
4.369163588415148
6.9303974161067865
8.738327176830296
3.766520334840645
3.0132162678725156
4.369163588415148
4.2185027750215225
5.423789282170529
0.6026432535745032
1.0546256937553806
2.5612338276916384
6.6290757893195345
9.943613683979303
5.5744500955641545
2.7118946410852645
4.2185027750215225
0.0
4.067841961627896
10.39559612416018
2.1092513875107612
0.9039648803617547
1.5066081339362578
6.9303974161067865
0.0
0.3013216267872516
0.3013216267872516
17.557866738345325
22.34637584880314
29.369522544141272
16.919398856950952
10.534720043007196
9.257784280218445
15.642463094162201
15.642463094162201
3.1923394069718776
3.1923394069718776
7.342380636035318
22.027141908105957
30.327224366232837
9.577018220915633
9.577018220915633
15.003995212767824
0.6384678813943755
17.23863279764814
27.13488495926096
7.980848517429694
2.8731054662746898
4.150041229063441
21.069440086014392
0.0
0.9577018220915633
0.6384678813943755
12.376339738776723
16.845573533334985
17.876935178233044
7.219531514286421
10.657403663946623
6.1881698693883616
12.720126953742742
15.814211888436922
2.0627232897961205
2.0627232897961205
6.1881698693883616
18.220722393199065
19.939658468029165
6.5319570843543815
8.938467589116522
12.376339738776723
0.6875744299320401
9.626042019048562
17.189360748301002
4.469233794558261
1.3751488598640802
2.7502977197281604
15.814211888436922
0.0
0.6875744299320401
0.6875744299320401
3.8286529177488244
12.612033140819657
12.612033140819657
3.378223162719551
4.279082672778098
6.981661202953739
5.179942182836645
8.107735590526923
1.576504142602457
1.576504142602457
1.1260743875731836
6.981661202953739
11.485958753246473
2.7025785301756406
2.477363652661004
7.206876080468375
0.0
4.954727305322008
11.485958753246473
1.576504142602457
0.9008595100585469
1.576504142602457
9.008595100585469
0.0
0.0
0.0
3.645240088377774
9.64916493982352
9.005887277168616
4.0740918634810415
3.859665975929407
3.645240088377774
5.789498963894111
4.0740918634810415
1.0721294377581687
2.573110650619605
2.1442588755163374
6.86162840165228
9.005887277168616
3.216388313274506
2.3586847630679713
6.86162840165228
0.21442588755163375
4.502943638584308
9.22031316472025
2.1442588755163374
0.4288517751032675
2.3586847630679713
4.288517751032675
0.0
0.21442588755163375
0.4288517751032675
18.00702724238134
34.5134688812309
36.01405448476268
14.255563233551893
15.005856035317782
12.004684828254225
13.505270431786004
18.757320044147228
3.0011712070635563
4.501756810595335
6.002342414127113
21.008198449444894
31.512297674167343
24.00936965650845
11.254392026488336
22.508784052976672
0.0
11.254392026488336
42.76668970065568
8.253220819424781
3.0011712070635563
5.2520496123612235
35.26376168299679
0.0
1.5005856035317782
0.0
2.998283482706151
8.828279143523666
9.827706971092384
3.164854787300937
3.6645687010852956
5.330281747033157
4.663996528654012
3.331426091895723
0.4997139137843585
1.165999132163503
1.998855655137434
4.663996528654012
6.49628087919666
2.998283482706151
1.8322843505426478
5.163710442438371
0.8328565229739308
3.4979973964905096
6.49628087919666
2.6651408735165787
0.6662852183791447
0.33314260918957234
4.497425224059226
0.0
0.16657130459478617
0.16657130459478617
2.928174943226348
4.245853667678205
3.0745836903876653
1.903313713097126
1.6104962187744913
1.3176787244518566
1.903313713097126
3.9530361733555694
0.14640874716131738
0.0
0.14640874716131738
2.7817661960650306
4.538671162000839
3.6602186790329347
0.8784524829679043
2.342539954581078
0.14640874716131738
2.0497224602584434
5.124306150646109
1.464087471613174
0.29281749432263476
0.0
6.7348023694206
0.0
0.14640874716131738
0.0
7.431593188964928
14.762759442943844
14.160197833027768
4.820492879328602
6.226469969132777
6.6281777090768275
9.038424148741129
9.138851083727141
2.7115272446223386
1.305550154818163
2.209392569692276
8.435862538825054
13.45720928812568
4.519212074370564
4.720065944342589
6.929458514034866
0.2008538699720251
7.0298854490208775
13.05550154818163
3.3140888545384137
0.5021346749300627
1.8076848297482258
9.239278018713154
0.0
0.6025616099160752
0.4017077399440502
6.151220890704021
14.83529744228617
12.483360042899337
6.332139152195316
7.23673045965179
6.513057413686611
7.417648721143085
10.3123409050038
1.9901008764042423
1.2664278304390633
3.7992834913171896
11.036013950968979
14.11162439632099
6.332139152195316
4.342038275791074
5.789384367721432
0.18091826149129475
8.684076551582148
14.654379180794875
4.342038275791074
0.9045913074564738
2.171019137895537
11.578768735442864
0.0
0.0
0.723673045965179
4.015040341117827
11.375947633167177
11.041360938074025
4.684213731304132
3.0112802558383707
4.34962703621098
5.687973816583589
6.022560511676741
1.6729334754657614
1.0037600852794568
1.6729334754657614
7.026320596956198
11.71053432826033
4.684213731304132
2.0075201705589136
8.030080682235655
0.3345866950931523
5.018800426397284
12.714294413539786
5.353387121490437
1.0037600852794568
1.6729334754657614
6.691733901863046
0.0
0.3345866950931523
0.0
7.717491217659196
14.449770790510836
16.25599213932469
5.747067928044083
5.5828659872428235
6.896481513652899
8.702702862466754
9.85211644807557
1.9704232896151141
2.298827171217633
3.4482407568264497
11.494135856088166
12.80775138249824
5.418664046441564
5.090260164839044
9.523712566473051
0.49260582240377854
7.389087336056678
14.121366908908318
3.7766446384289685
1.642019408012595
2.4630291120188925
10.673126152081867
0.0
0.0
0.1642019408012595
11.519277510914515
36.47771211789596
30.718073362438705
10.559337718338305
11.519277510914515
19.198795851524192
12.479217303490724
27.838253984710075
1.919879585152419
6.719578548033467
8.639458133185885
20.1587356441004
16.318976473795562
4.799698962881048
5.7596387554572575
17.27891626637177
0.0
20.1587356441004
40.3174712882008
12.479217303490724
0.9599397925762095
3.839759170304838
24.95843460698145
0.0
0.9599397925762095
0.9599397925762095
16.275016275016274
29.925029925029925
25.725025725025723
13.65001365001365
10.5000105000105
8.925008925008925
12.075012075012076
22.05002205002205
3.675003675003675
3.15000315000315
3.675003675003675
16.8000168000168
19.95001995001995
9.975009975009975
12.6000126000126
15.75001575001575
0.0
12.075012075012076
27.825027825027824
8.4000084000084
3.15000315000315
4.725004725004725
18.9000189000189
0.0
1.575001575001575
0.0
0.6842638808915549
2.7370555235662195
2.7370555235662195
1.710659702228887
2.0527916426746646
1.710659702228887
3.7634513449035514
1.3685277617831098
1.3685277617831098
0.6842638808915549
0.6842638808915549
2.7370555235662195
3.421319404457774
1.3685277617831098
1.3685277617831098
2.0527916426746646
0.0
1.710659702228887
6.158374928023993
1.0263958213373323
0.34213194044577744
1.0263958213373323
2.7370555235662195
0.0
0.34213194044577744
0.34213194044577744
8.931083295748357
13.396624943622536
14.140881884934899
9.67534023706072
7.442569413123631
5.2097985891865415
8.931083295748357
13.396624943622536
0.0
2.232770823937089
2.232770823937089
11.90811106099781
11.90811106099781
14.140881884934899
2.232770823937089
7.442569413123631
0.0
6.698312471811268
17.11790965018435
4.465541647874178
0.7442569413123631
0.0
13.396624943622536
0.0
0.0
0.0
2.139195178479246
5.291693336238135
3.7154442573586905
1.4636598589594843
3.2650873776788494
2.9273197179189685
1.8014275187193651
5.066514896398214
0.4503568796798413
0.4503568796798413
0.7881245394397223
4.053211917118571
6.4175855354377385
2.589552058159087
1.4636598589594843
4.053211917118571
0.11258921991996032
3.3776765975988097
5.291693336238135
1.2384814191195634
1.0133029792796429
0.675535319519762
5.967228655757897
0.0
0.0
0.0
11.947808150699139
8.124509542475414
26.76309025756607
4.3012109342516895
10.036158846587277
3.823298608223724
5.257035586307621
7.646597216447448
0.955824652055931
2.8674739561677933
0.955824652055931
21.983966997286416
13.381545128783035
8.124509542475414
2.3895616301398275
13.859457454811
0.955824652055931
10.991983498643208
24.85144095345421
12.90363280275507
1.4337369780838967
4.3012109342516895
5.734947912335587
0.0
1.4337369780838967
0.955824652055931
3.9248762376931556
5.0462694484626285
8.512393918113727
2.395703677552965
2.701538189581003
2.8544554455950224
3.568069306993778
4.5875176804205715
0.7645862800700953
0.7645862800700953
0.9175035360841143
4.230710749721194
5.810855728532724
4.026821075035835
2.6505657709096635
5.0972418671339685
0.10194483734267937
3.109317538951721
7.187111032658896
1.8859794908395684
0.6116690240560763
1.1723656294408127
5.505021216504686
0.0
0.3568069306993778
0.0
2.757093015653199
6.4988621083253975
6.203459285219697
2.166287369441799
3.0524958387588987
3.3478986618645985
3.1509634464607985
4.332574738883598
0.5908056462113997
0.8862084693170996
1.6739493309322993
3.8402367003740983
6.597329716027297
1.7724169386341992
1.2800789001246995
3.4463662695664983
0.0
4.431042346585498
7.877408616151997
1.7724169386341992
0.09846760770189995
0.8862084693170996
5.514186031306398
0.0
0.2954028231056999
0.09846760770189995
26.58863787737586
42.541820603801376
37.2240930283262
26.58863787737586
21.270910301900688
27.918069771244653
33.23579734671983
35.894661134457415
1.329431893868793
3.9882956816063793
13.29431893868793
33.23579734671983
49.188980073145345
19.941478408031895
7.9765913632127585
25.25920598350707
0.0
27.918069771244653
39.88295681606379
13.29431893868793
2.658863787737586
6.647159469343965
29.247501665113447
0.0
2.658863787737586
2.658863787737586
3.8653554121289186
9.362749776045602
9.190956202173206
3.4358714774479275
2.4910068211497474
3.607665051320324
4.724323281490901
5.411497576980486
0.42948393468099094
1.2025550171067747
1.8897293125963601
6.012775085533874
10.479408006216179
7.12943331570445
2.4910068211497474
5.325600790044287
0.17179357387239638
4.724323281490901
8.933265841364612
2.5769036080859458
1.0307614432343783
1.4602453779153692
7.4730204634492425
0.08589678693619819
0.42948393468099094
0.34358714774479276
8.422370121310204
16.33429356860161
19.65219694972381
8.167146784300805
5.104466740188002
7.656700110282004
8.422370121310204
8.932816795329003
2.041786696075201
2.041786696075201
5.870136751216203
10.464156817385405
13.271613524488806
5.359690077197403
5.614913414206803
9.698486806357204
0.5104466740188003
7.656700110282004
17.35518691663921
9.443263469347805
0.25522333700940014
2.552233370094001
12.505943513460606
0.0
0.7656700110282003
0.7656700110282003
4.164683338302372
6.614497066715533
8.084385303763428
3.9197019654610563
1.9598509827305282
2.204832355571844
5.389590202508953
4.409664711143688
1.7148696098892122
2.4498137284131603
1.469888237047896
4.654646083985004
8.084385303763428
3.1847578469371083
2.4498137284131603
4.8996274568263205
0.0
4.654646083985004
8.329366676604744
4.409664711143688
1.2249068642065801
0.734944118523948
6.369515693874217
0.0
0.734944118523948
0.0
6.2543091212609685
14.46308984291599
16.886634627404614
6.723382305355542
10.319610050080598
8.052422993623498
6.2543091212609685
9.850536865986026
0.8599675041733832
4.534374112914202
2.3453659204728634
12.664975970553462
15.94848825921547
9.772358001970264
3.2053334246462466
12.352260514490414
0.31271545606304846
7.192455489450114
20.795577828192723
6.097951393229445
5.2379838890560615
1.48539841629948
17.981138723625286
0.0
1.0945040962206696
0.15635772803152423
0.0
2.839266295732299
4.7321104928871645
0.0
2.839266295732299
0.946422098577433
0.946422098577433
0.946422098577433
0.0
1.892844197154866
0.0
1.892844197154866
0.946422098577433
5.678532591464598
0.0
2.839266295732299
0.0
0.946422098577433
2.839266295732299
0.946422098577433
0.0
0.0
5.678532591464598
0.0
0.0
0.0
2.6231228277264083
5.851581692620449
7.667589804123348
1.816008111502898
3.228458864894041
2.6231228277264083
4.439130939229306
3.228458864894041
1.6142294324470206
2.219565469614653
0.8071147162235103
6.456917729788082
4.842688297341062
3.026680185838164
1.2106720743352655
5.2462456554528165
0.20177867905587757
3.632016223005796
9.685376594682124
1.816008111502898
0.6053360371676327
0.8071147162235103
6.053360371676328
0.0
0.40355735811175514
0.0
26.61146908036548
41.65273421274597
37.02465263355197
15.04126513238049
12.72722434278349
20.826367106372984
17.355305921977486
26.61146908036548
5.785101973992496
3.4710611843954973
8.099142763589494
26.61146908036548
31.239550659559477
15.04126513238049
12.72722434278349
21.983387501171485
1.1570203947984992
20.826367106372984
31.239550659559477
13.884244737581989
1.1570203947984992
13.884244737581989
38.181673028350474
0.0
2.3140407895969983
0.0
2.555972412938693
4.81124218906107
6.615458009958971
2.405621094530535
2.405621094530535
2.405621094530535
3.758782960203961
3.3077290049794854
0.15035131840815844
1.2028105472652675
0.9021079104489506
4.059485597020277
5.863701417918179
1.9545671393060595
1.8042158208979011
3.458080323387644
0.0
2.85667504975501
5.863701417918179
2.555972412938693
0.4510539552244753
0.4510539552244753
3.909134278612119
0.0
0.15035131840815844
0.0
2.510292648123852
4.841278678524572
5.235753237515463
1.9006501478652023
2.33098603040072
2.0799567655883346
2.4744313245792258
3.191657795471755
0.7889491179817821
0.7889491179817821
1.255146324061926
5.881257061318739
4.195774854721296
1.6854822065974435
1.3627302946958055
3.8013002957304045
0.32275191190163816
3.44268706028414
6.1322863261311245
2.4385700010345994
0.32275191190163816
0.8248104415264086
3.0840738248378754
0.0
0.14344529417850585
0.1793066177231323
3.9404337760848507
5.582281182786872
8.53760651485051
2.955325332063638
5.910650664127276
4.597172738765659
3.6120642947444463
7.880867552169701
0.9851084440212127
0.9851084440212127
2.955325332063638
5.253911701446468
9.522714958871722
3.6120642947444463
2.955325332063638
6.239020145467681
0.0
4.597172738765659
11.821301328254552
4.268803257425255
0.3283694813404042
1.641847406702021
7.880867552169701
0.0
0.0
0.0
12.80047105733491
49.60182534717278
30.401118761170412
14.400529939501773
12.80047105733491
12.80047105733491
17.600647703835502
19.200706586002365
4.800176646500591
11.200412175168045
3.2001177643337275
17.600647703835502
32.00117764333727
22.40082435033609
6.400235528667455
24.000883232502957
0.0
22.40082435033609
48.001766465005915
9.600353293001183
1.6000588821668638
6.400235528667455
67.20247305100828
0.0
0.0
0.0
2.614760035151883
6.774605545620788
7.606574647714569
2.9713182217635037
1.6639382041875619
3.565581866116204
3.0901709506340436
3.446729137245664
1.0696745598348611
0.3565581866116204
1.3073800175759416
4.397550968209985
5.942636443527007
2.8524654928929634
1.0696745598348611
3.565581866116204
0.3565581866116204
2.733612764022423
7.131163732232408
2.0204963907991824
0.5942636443527007
0.9508218309643212
3.9221400527278245
0.0
0.3565581866116204
0.0
3.564409426711355
6.717540842648323
8.362652885745872
2.3305753943881937
3.564409426711355
3.290224086195097
3.0160387456788387
2.4676680646463227
0.8225560215487743
0.13709267025812905
2.3305753943881937
6.306262831873936
7.814282204713355
3.427316756453226
2.6047607349044517
4.3869654482601295
0.5483706810325162
3.975687437485742
7.951374874971484
3.290224086195097
0.8225560215487743
1.0967413620650324
4.935336129292645
0.0
0.5483706810325162
0.13709267025812905
7.654230000863834
26.78980500302342
20.775767145201836
6.0140378578215845
5.467307143474168
9.294422143906084
13.121537144338003
14.761729287380252
2.186922857389667
2.733653571737084
5.467307143474168
6.0140378578215845
19.682305716507003
6.5607685721690014
2.186922857389667
16.401921430422504
0.5467307143474167
12.574806429990586
16.94865214476992
4.920576429126751
0.5467307143474167
3.827115000431917
15.855190716075086
0.0
0.0
0.0
6.230104766133982
11.941034135090131
10.210449477830693
5.537870903230206
5.537870903230206
4.84563704032643
5.71092936895615
6.403163231859925
1.3844677258075515
1.5575261915334955
3.2881108487929347
8.999040217749085
10.902683340734468
5.364812437504262
3.8072862459707664
8.133747889119364
0.0
5.71092936895615
11.767975669364187
4.153403177422654
0.5191753971778318
1.0383507943556636
11.075741806460412
0.0
0.17305846572594394
0.17305846572594394
18.905671013825202
29.217855203184403
24.061763108504802
12.030881554252401
17.186973648932
15.4682762840388
15.4682762840388
17.186973648932
0.0
6.8747894595728
5.1560920946796
22.3430657436116
22.3430657436116
5.1560920946796
6.8747894595728
13.7495789191456
0.0
22.3430657436116
24.061763108504802
12.030881554252401
3.4373947297864
5.1560920946796
13.7495789191456
0.0
3.4373947297864
0.0
